init
help
g 0 0 5 1 10  
g 1 1 5 1 20  
g 2 2 5 1 30  
g 3 3 5 1 40   
g 4 4 5 1 50   
g 5 5 5 1 60   
g 6 6 5 1 70   
g 7 7 5 1 80   
g 8 8 5 1 50   
g 9 9 5 1 40   
g 20 5 5 1 140
g 20 20 5 1 20
g 30 30 8 9 100
g 50 10 1 1 200
g 80 90 3 9 200
g 10 90 9 9 250
g 90 9 10 10 190

g 0 0 50 10 100  
g 100 100 50 10 200  
g 200 200 50 100 300  
g 300 300 50 10 400   
g 400 400 50 100 500   
g 500 500 50 10 60   
g 60 60 50 100 70   
g 70 700 50 10 80   
g 80 80 50 100 50   
g 900 900 50 100 40   
g 200 700 50 10 140
g 200 20 50 100 20
g 300 30 80 90 100
g 500 10 10 100 200
g 800 90 30 90 200
g 100 90 90 90 250
g 900 90 100 100 190




generate
gnuplot
bmp_write
bin 127
k_means
end
